[[[  49.212081    -99.99         62.171        -2.605158  ]
  [   0.            0.            0.            0.        ]
  [   0.            0.            0.            0.        ]
  [   0.            0.            0.            0.        ]
  [   0.            0.            0.            0.        ]
  [   0.            0.            0.            0.        ]]

 [[  54.95333246   70.19        -99.999        62.17099935]
  [ -99.           79.1         -99.999        62.16461191]
  [ -99.99999      89.           70.18999993   70.18999999]
  [ 100.           79.1          79.1          79.1       ]
  [ -99.99999999   70.18999993  -99.999999     89.        ]
  [ -99.99         69.47091      62.10644661   79.1       ]]

 [[   0.            0.            0.            0.        ]
  [   0.            0.            0.            0.        ]
  [  79.0999992    79.1          62.171      -100.        ]
  [  89.         -100.         -100.           70.19      ]
  [   0.            0.            0.            0.        ]
  [  70.19         61.5246471   -99.99        -99.9       ]]

 [[ -90.           54.9539       42.61261324   48.45850948]
  [ -99.99999999   62.171       -99.999        48.45845908]
  [  70.19       -100.           54.95389994   54.95389999]
  [   0.            0.            0.            0.        ]
  [   0.            0.            0.            0.        ]
  [   0.            0.            0.            0.        ]]

 [[  48.45851     -99.9          42.14893562   42.14880868]
  [   0.            0.            0.            0.        ]
  [  62.171        48.40915149   49.36851     -99.999     ]
  [ -99.9         -99.9          -1.719        54.9539    ]
  [   0.            0.            0.            0.        ]
  [   0.            0.            0.            0.        ]]]