[[[[ 0.00000000e+00  0.00000000e+00  0.00000000e+00  0.00000000e+00]
   [ 0.00000000e+00  0.00000000e+00  0.00000000e+00  0.00000000e+00]
   [ 0.00000000e+00  0.00000000e+00  0.00000000e+00  0.00000000e+00]]

  [[ 0.00000000e+00  0.00000000e+00  0.00000000e+00  0.00000000e+00]
   [ 0.00000000e+00  0.00000000e+00  0.00000000e+00  0.00000000e+00]
   [ 0.00000000e+00  0.00000000e+00  0.00000000e+00  0.00000000e+00]]

  [[-3.87633134e+00 -9.00000000e+03  1.85925341e+01 -9.00000000e+03]
   [-9.99999994e+00 -9.99990000e+03 -9.99999994e+00 -9.90000000e+03]
   [-5.29747472e+00 -9.00000000e+03 -5.36781425e+00 -9.00000000e+03]]

  [[ 0.00000000e+00  0.00000000e+00  0.00000000e+00  0.00000000e+00]
   [ 0.00000000e+00  0.00000000e+00  0.00000000e+00  0.00000000e+00]
   [ 0.00000000e+00  0.00000000e+00  0.00000000e+00  0.00000000e+00]]

  [[-3.75967855e+00 -9.00000000e+03  2.34611005e+01 -9.00000000e+03]
   [-9.99999993e+00 -9.90000000e+03 -9.99999993e+00 -9.99000000e+03]
   [-5.29747472e+00 -9.00000000e+03 -5.34047269e+00 -9.00000000e+03]]

  [[ 0.00000000e+00  0.00000000e+00  0.00000000e+00  0.00000000e+00]
   [ 0.00000000e+00  0.00000000e+00  0.00000000e+00  0.00000000e+00]
   [ 0.00000000e+00  0.00000000e+00  0.00000000e+00  0.00000000e+00]]

  [[ 0.00000000e+00  0.00000000e+00  0.00000000e+00  0.00000000e+00]
   [ 0.00000000e+00  0.00000000e+00  0.00000000e+00  0.00000000e+00]
   [ 0.00000000e+00  0.00000000e+00  0.00000000e+00  0.00000000e+00]]

  [[ 0.00000000e+00  0.00000000e+00  0.00000000e+00  0.00000000e+00]
   [ 0.00000000e+00  0.00000000e+00  0.00000000e+00  0.00000000e+00]
   [ 0.00000000e+00  0.00000000e+00  0.00000000e+00  0.00000000e+00]]]


 [[[-9.99999000e+01 -9.00000000e+03  5.45633573e+00 -3.88641664e+00]
   [-9.99990000e+01 -9.99999000e+03 -9.99999994e+00 -9.99999994e+00]
   [ 3.00000000e+02  0.00000000e+00  0.00000000e+00  0.00000000e+00]]

  [[ 0.00000000e+00  0.00000000e+00  0.00000000e+00  0.00000000e+00]
   [ 0.00000000e+00  0.00000000e+00  0.00000000e+00  0.00000000e+00]
   [ 0.00000000e+00  0.00000000e+00  0.00000000e+00  0.00000000e+00]]

  [[-3.86260205e+00  2.02479101e+01 -9.99999900e+03 -9.00000000e+03]
   [-9.99999994e+00 -9.99999994e+00 -9.99900000e+03 -9.99000000e+03]
   [-5.29747473e+00  1.10609725e+02 -9.00000000e+03 -9.00000000e+03]]

  [[-9.99990000e+03  2.34612113e+01  8.55063988e+00 -2.55284190e+00]
   [-9.99999990e+03  7.31537180e+01 -9.99999994e+00 -9.99999994e+00]
   [-9.99000000e+03 -5.20405245e+00  1.38272039e+02 -5.29749356e+00]]

  [[-2.59696800e+00  2.71790001e+01 -9.99990000e+03  2.47535963e+01]
   [-9.99999993e+00  8.43778063e+01 -9.99000000e+03 -9.99999993e+00]
   [-5.29747473e+00 -5.53516112e+00 -9.00000000e+03  1.23444835e+02]]

  [[-9.00000000e+03  3.13100032e+01 -9.90000000e+03  2.71943207e+01]
   [-1.00000000e+04  9.51182393e+01 -9.99990000e+03 -9.99999993e+00]
   [-9.00000000e+03 -6.02467598e+00 -9.99000000e+03  1.10100352e+02]]

  [[-9.90000000e+03 -9.99000000e+03  3.59000051e+01  3.12634914e+01]
   [-1.00000000e+04 -1.00000000e+04  1.06817319e+02 -9.99999991e+00]
   [-9.00000000e+03 -9.00000000e+03 -6.02707652e+00  9.80903164e+01]]

  [[ 0.00000000e+00  0.00000000e+00  0.00000000e+00  0.00000000e+00]
   [ 0.00000000e+00  0.00000000e+00  0.00000000e+00  0.00000000e+00]
   [ 0.00000000e+00  0.00000000e+00  0.00000000e+00  0.00000000e+00]]]


 [[[-3.76043113e+00  9.51420240e+00 -4.07357286e+00 -3.82757596e+00]
   [-9.99999994e+00 -9.99999995e+00 -9.99999994e+00 -9.99999994e+00]
   [ 2.69000000e+02 -1.62900000e+00 -9.00000000e-01 -9.00000000e-01]]

  [[-9.99999000e+03 -9.99999000e+03  1.01203292e+01 -3.77580342e+00]
   [-9.99990000e+03 -9.90000000e+03 -9.99999994e+00 -9.99999994e+00]
   [-9.00000000e+03 -9.00000000e+03 -1.70190000e+00  2.10768210e+02]]

  [[ 0.00000000e+00  0.00000000e+00  0.00000000e+00  0.00000000e+00]
   [ 0.00000000e+00  0.00000000e+00  0.00000000e+00  0.00000000e+00]
   [ 0.00000000e+00  0.00000000e+00  0.00000000e+00  0.00000000e+00]]

  [[ 6.89095448e+00 -9.99990000e+03  1.39796037e+01 -9.99900000e+03]
   [ 5.66617268e+01 -9.99900000e+03 -9.99999994e+00 -9.99999900e+03]
   [-3.99481564e+00 -9.90000000e+03  1.54746710e+02 -9.00000000e+03]]

  [[ 0.00000000e+00  0.00000000e+00  0.00000000e+00  0.00000000e+00]
   [ 0.00000000e+00  0.00000000e+00  0.00000000e+00  0.00000000e+00]
   [ 0.00000000e+00  0.00000000e+00  0.00000000e+00  0.00000000e+00]]

  [[ 0.00000000e+00  0.00000000e+00  0.00000000e+00  0.00000000e+00]
   [ 0.00000000e+00  0.00000000e+00  0.00000000e+00  0.00000000e+00]
   [ 0.00000000e+00  0.00000000e+00  0.00000000e+00  0.00000000e+00]]

  [[ 3.30074540e+01 -9.99000000e+03  4.10000064e+01 -9.99999990e+03]
   [-9.99999990e+00 -1.00000000e+04  1.19797828e+02 -1.00000000e+04]
   [ 8.72812848e+01 -9.00000000e+03 -6.35422783e+00 -9.00000000e+03]]

  [[ 0.00000000e+00  0.00000000e+00  0.00000000e+00  0.00000000e+00]
   [ 0.00000000e+00  0.00000000e+00  0.00000000e+00  0.00000000e+00]
   [ 0.00000000e+00  0.00000000e+00  0.00000000e+00  0.00000000e+00]]]


 [[[-3.82768652e+00  9.60704937e+00 -9.90000000e+03  5.09163753e+00]
   [-9.99999995e+00 -9.99999994e+00 -9.99990000e+03 -9.99999994e+00]
   [ 2.41100000e+02 -1.70190000e+00 -9.00000000e+03 -1.71900000e+00]]

  [[ 4.42134002e+00  1.04677743e+01 -9.99990000e+03  6.00879141e+00]
   [-9.99999994e+00 -9.99999995e+00 -9.99000000e+03 -9.99999994e+00]
   [-1.80189000e+00  1.55439742e+02 -9.00000000e+03  2.15990000e+02]]

  [[-9.99990000e+03  1.64768843e+01 -9.99900000e+03  5.77608302e+00]
   [-9.99900000e+03 -9.99999995e+00 -9.99000000e+03 -9.99999995e+00]
   [-9.90000000e+03 -2.60892020e+00 -9.00000000e+03  1.93391000e+02]]

  [[ 7.32894121e+00 -9.90000000e+03  2.13304206e+01  8.02173192e+00]
   [ 3.04617966e+01 -9.99990000e+03 -9.99999994e+00 -9.99999995e+00]
   [ 1.30134133e+02 -9.99000000e+03 -3.23448494e+00  1.73051900e+02]]

  [[ 0.00000000e+00  0.00000000e+00  0.00000000e+00  0.00000000e+00]
   [ 0.00000000e+00  0.00000000e+00  0.00000000e+00  0.00000000e+00]
   [ 0.00000000e+00  0.00000000e+00  0.00000000e+00  0.00000000e+00]]

  [[ 0.00000000e+00  0.00000000e+00  0.00000000e+00  0.00000000e+00]
   [ 0.00000000e+00  0.00000000e+00  0.00000000e+00  0.00000000e+00]
   [ 0.00000000e+00  0.00000000e+00  0.00000000e+00  0.00000000e+00]]

  [[ 3.59000147e+01  0.00000000e+00 -9.00000000e+03  0.00000000e+00]
   [-9.99999445e+00 -1.00000000e+04 -1.00000000e+04 -9.99990000e+03]
   [ 7.75531563e+01 -9.00000000e+03 -9.00000000e+03 -9.90000000e+03]]

  [[ 0.00000000e+00  0.00000000e+00  0.00000000e+00  0.00000000e+00]
   [ 0.00000000e+00  0.00000000e+00  0.00000000e+00  0.00000000e+00]
   [ 0.00000000e+00  0.00000000e+00  0.00000000e+00  0.00000000e+00]]]


 [[[ 0.00000000e+00  0.00000000e+00  0.00000000e+00  0.00000000e+00]
   [ 0.00000000e+00  0.00000000e+00  0.00000000e+00  0.00000000e+00]
   [ 0.00000000e+00  0.00000000e+00  0.00000000e+00  0.00000000e+00]]

  [[ 0.00000000e+00  0.00000000e+00  0.00000000e+00  0.00000000e+00]
   [ 0.00000000e+00  0.00000000e+00  0.00000000e+00  0.00000000e+00]
   [ 0.00000000e+00  0.00000000e+00  0.00000000e+00  0.00000000e+00]]

  [[ 0.00000000e+00  0.00000000e+00  0.00000000e+00  0.00000000e+00]
   [ 0.00000000e+00  0.00000000e+00  0.00000000e+00  0.00000000e+00]
   [ 0.00000000e+00  0.00000000e+00  0.00000000e+00  0.00000000e+00]]

  [[ 9.90249906e+00  1.45892868e+01  1.01125342e+01 -9.99000000e+03]
   [ 1.17374858e+01 -9.99999995e+00 -9.99999995e+00 -9.99999990e+03]
   [-3.14331873e+00 -2.54760138e+00 -2.66762395e+00 -9.00000000e+03]]

  [[-1.00000000e+04  1.71366736e+01 -9.99999000e+03  1.25437799e+01]
   [-9.99999999e+03 -9.99999995e+00 -9.99999000e+03  2.28162798e+01]
   [-9.00000000e+03 -1.88208000e+00 -9.00000000e+03 -2.60131672e+00]]

  [[-9.99999000e+03 -9.99990000e+03  2.01190566e+01  1.60162854e+01]
   [-9.99999000e+03 -9.99999000e+03 -9.99999996e+00  1.52486207e+01]
   [-9.00000000e+03 -9.00000000e+03 -9.99900000e-01 -1.70919000e+00]]

  [[ 0.00000000e+00  0.00000000e+00  0.00000000e+00  0.00000000e+00]
   [ 0.00000000e+00  0.00000000e+00  0.00000000e+00  0.00000000e+00]
   [ 0.00000000e+00  0.00000000e+00  0.00000000e+00  0.00000000e+00]]

  [[-9.90000000e+03  4.15964468e+01  3.66934479e+01  0.00000000e+00]
   [-9.99999900e+03 -9.99999997e+00 -9.99999997e+00 -9.99999990e+03]
   [-9.00000000e+03 -1.71900000e+00 -9.90000000e-01 -9.00000000e+03]]]


 [[[ 0.00000000e+00  0.00000000e+00  0.00000000e+00  0.00000000e+00]
   [ 0.00000000e+00  0.00000000e+00  0.00000000e+00  0.00000000e+00]
   [ 0.00000000e+00  0.00000000e+00  0.00000000e+00  0.00000000e+00]]

  [[ 0.00000000e+00  0.00000000e+00  0.00000000e+00  0.00000000e+00]
   [ 0.00000000e+00  0.00000000e+00  0.00000000e+00  0.00000000e+00]
   [ 0.00000000e+00  0.00000000e+00  0.00000000e+00  0.00000000e+00]]

  [[-9.90000000e+03  1.22888898e+01  7.23060670e+00 -9.99990000e+03]
   [-9.99900000e+03 -9.99999995e+00 -9.99999995e+00 -9.99900000e+03]
   [-9.90000000e+03 -1.70190000e+00 -9.99900000e-01 -9.00000000e+03]]

  [[ 1.27900366e+01 -9.99900000e+03 -9.99900000e+03  8.99899293e+00]
   [-9.99999995e+00 -9.00000000e+03 -9.99990000e+03 -9.99999995e+00]
   [-2.39048190e+00 -9.00000000e+03 -9.00000000e+03 -1.89666990e+00]]

  [[ 0.00000000e+00  0.00000000e+00  0.00000000e+00  0.00000000e+00]
   [ 0.00000000e+00  0.00000000e+00  0.00000000e+00  0.00000000e+00]
   [ 0.00000000e+00  0.00000000e+00  0.00000000e+00  0.00000000e+00]]

  [[ 1.77017971e+01 -9.99999990e+03  2.34611268e+01 -9.99900000e+03]
   [ 1.98249319e+01 -9.99999900e+03 -9.99999996e+00 -9.99999900e+03]
   [-1.79190000e+00 -9.00000000e+03 -9.00000000e-01 -9.00000000e+03]]

  [[ 0.00000000e+00  0.00000000e+00  0.00000000e+00  0.00000000e+00]
   [ 0.00000000e+00  0.00000000e+00  0.00000000e+00  0.00000000e+00]
   [ 0.00000000e+00  0.00000000e+00  0.00000000e+00  0.00000000e+00]]

  [[ 4.10000000e+01  3.61990014e+01  3.33073665e+01 -9.99999990e+03]
   [-9.99999997e+00 -9.99999997e+00 -9.99999997e+00 -1.00000000e+04]
   [-9.00000000e-01 -9.00000000e-01 -9.00000000e-01 -9.00000000e+03]]]


 [[[-9.99900000e+03  8.65385489e+00 -4.98939143e+00 -4.53440152e+00]
   [-9.99000000e+03 -9.99999995e+00 -9.99999995e+00 -9.99999995e+00]
   [ 0.00000000e+00  0.00000000e+00  0.00000000e+00  0.00000000e+00]]

  [[-9.99999990e+03  1.32847890e+01 -4.43807692e+00 -3.99533520e+00]
   [-9.00000000e+03 -9.99999996e+00 -9.99999995e+00 -9.99999995e+00]
   [-9.00000000e+03  0.00000000e+00  0.00000000e+00  0.00000000e+00]]

  [[ 1.30844175e+01 -9.99990000e+03  6.12062924e+00 -3.88788969e+00]
   [-9.99999995e+00 -9.00000000e+03 -9.99999996e+00 -9.99999996e+00]
   [-9.00000000e-01 -9.90000000e+03 -9.00000000e-01 -9.00000000e-01]]

  [[ 0.00000000e+00  0.00000000e+00  0.00000000e+00  0.00000000e+00]
   [ 0.00000000e+00  0.00000000e+00  0.00000000e+00  0.00000000e+00]
   [ 0.00000000e+00  0.00000000e+00  0.00000000e+00  0.00000000e+00]]

  [[ 0.00000000e+00  0.00000000e+00  0.00000000e+00  0.00000000e+00]
   [ 0.00000000e+00  0.00000000e+00  0.00000000e+00  0.00000000e+00]
   [ 0.00000000e+00  0.00000000e+00  0.00000000e+00  0.00000000e+00]]

  [[ 2.07630888e+01  2.71790004e+01  2.50674131e+01 -9.99999999e+03]
   [ 1.50390232e+00 -9.99999997e+00 -9.99999997e+00 -9.99999900e+03]
   [-9.00000000e-01  0.00000000e+00  0.00000000e+00  0.00000000e+00]]

  [[-9.99999000e+03  3.13100000e+01  2.78646059e+01  2.50327534e+01]
   [-1.00000000e+04 -9.99999997e+00 -9.99999997e+00 -9.99999997e+00]
   [ 0.00000000e+00  0.00000000e+00  0.00000000e+00  0.00000000e+00]]

  [[ 3.59000000e+01  3.16819028e+01  3.15130934e+01  3.00291244e+01]
   [-9.99999997e+00 -9.99999997e+00 -9.99999997e+00 -9.99999997e+00]
   [-9.00000000e-01  0.00000000e+00  0.00000000e+00  0.00000000e+00]]]]