[[[[ 0.00000000e+00  0.00000000e+00  0.00000000e+00  0.00000000e+00]
   [ 0.00000000e+00  0.00000000e+00  0.00000000e+00  0.00000000e+00]
   [ 0.00000000e+00  0.00000000e+00  0.00000000e+00  0.00000000e+00]]

  [[ 0.00000000e+00  0.00000000e+00  0.00000000e+00  0.00000000e+00]
   [ 0.00000000e+00  0.00000000e+00  0.00000000e+00  0.00000000e+00]
   [ 0.00000000e+00  0.00000000e+00  0.00000000e+00  0.00000000e+00]]

  [[-3.82139601e+00 -1.00899000e+02  1.07263616e+00 -1.00989900e+02]
   [-1.00000000e+01 -1.00899000e+02 -1.00000000e+01 -1.00899000e+02]
   [-1.71900000e+00 -9.09000000e+01 -2.44872900e+00 -9.09000000e+01]]

  [[ 0.00000000e+00  0.00000000e+00  0.00000000e+00  0.00000000e+00]
   [ 0.00000000e+00  0.00000000e+00  0.00000000e+00  0.00000000e+00]
   [ 0.00000000e+00  0.00000000e+00  0.00000000e+00  0.00000000e+00]]

  [[-2.53971990e+00 -9.99900000e+01  1.80369074e+00 -9.09000000e+01]
   [-1.00000000e+01 -1.00989900e+02 -1.00000000e+01 -1.00899000e+02]
   [-9.00000000e-01 -9.09000000e+01 -1.62900000e+00 -9.09000000e+01]]

  [[ 0.00000000e+00  0.00000000e+00  0.00000000e+00  0.00000000e+00]
   [ 0.00000000e+00  0.00000000e+00  0.00000000e+00  0.00000000e+00]
   [ 0.00000000e+00  0.00000000e+00  0.00000000e+00  0.00000000e+00]]

  [[ 0.00000000e+00  0.00000000e+00  0.00000000e+00  0.00000000e+00]
   [ 0.00000000e+00  0.00000000e+00  0.00000000e+00  0.00000000e+00]
   [ 0.00000000e+00  0.00000000e+00  0.00000000e+00  0.00000000e+00]]

  [[ 0.00000000e+00  0.00000000e+00  0.00000000e+00  0.00000000e+00]
   [ 0.00000000e+00  0.00000000e+00  0.00000000e+00  0.00000000e+00]
   [ 0.00000000e+00  0.00000000e+00  0.00000000e+00  0.00000000e+00]]]


 [[[-3.09690000e+01 -9.99900000e+01 -3.85940241e+00 -5.72070200e+00]
   [-3.09690000e+01 -9.99900000e+01 -1.00000000e+01 -1.00000000e+01]
   [ 9.90000000e+01  0.00000000e+00  0.00000000e+00  0.00000000e+00]]

  [[ 0.00000000e+00  0.00000000e+00  0.00000000e+00  0.00000000e+00]
   [ 0.00000000e+00  0.00000000e+00  0.00000000e+00  0.00000000e+00]
   [ 0.00000000e+00  0.00000000e+00  0.00000000e+00  0.00000000e+00]]

  [[-4.02516792e+00  9.33094739e-01 -9.09000000e+01 -1.00989900e+02]
   [-1.00000000e+01 -1.00000000e+01 -9.09000000e+01 -1.00899000e+02]
   [-1.72890000e+00 -2.58877719e+00 -9.09000000e+01 -9.09000000e+01]]

  [[-1.00999899e+02  2.98600447e+00 -5.44684949e-01 -1.61016013e+00]
   [-1.00999990e+02 -1.00000000e+01  1.44074590e+00 -1.00000000e+01]
   [-9.09000000e+01 -1.88937990e+00 -3.07576043e+00 -1.88208900e+00]]

  [[ 4.02122169e-01  3.80501799e+00 -1.01000000e+02 -1.02835191e+00]
   [-1.00000000e+01 -1.00000000e+01 -1.00999990e+02 -2.17210445e+00]
   [-9.99000000e-01 -9.99000000e-01 -9.09000000e+01 -1.70919000e+00]]

  [[-1.00989900e+02  5.26527514e+00 -1.00999899e+02  1.09715425e-02]
   [-1.00999999e+02 -1.00000000e+01 -9.09000000e+01 -5.73278857e+00]
   [-9.09000000e+01 -9.00000000e-01 -9.09000000e+01  0.00000000e+00]]

  [[-1.00999899e+02 -1.00999899e+02  7.03564893e+00  1.04473462e+00]
   [-1.01000000e+02 -1.00999899e+02 -1.00000000e+01 -6.54585858e+00]
   [-9.09000000e+01 -9.09000000e+01  0.00000000e+00  0.00000000e+00]]

  [[ 0.00000000e+00  0.00000000e+00  0.00000000e+00  0.00000000e+00]
   [ 0.00000000e+00  0.00000000e+00  0.00000000e+00  0.00000000e+00]
   [ 0.00000000e+00  0.00000000e+00  0.00000000e+00  0.00000000e+00]]]


 [[[-4.97366556e+00 -2.56582093e+00 -4.76981540e+00 -4.88911994e+00]
   [-1.00000000e+01 -1.00000000e+01 -1.00000000e+01 -1.00000000e+01]
   [ 8.81000000e+01 -1.62900000e+00 -9.00000000e-01 -9.00000000e-01]]

  [[-1.00899000e+02 -1.00899000e+02 -2.83409475e+00 -5.01747459e+00]
   [-9.99900000e+01 -9.09000000e+01 -1.00000000e+01 -1.00000000e+01]
   [-9.09000000e+01 -9.09000000e+01 -1.70190000e+00  6.83420220e+01]]

  [[ 0.00000000e+00  0.00000000e+00  0.00000000e+00  0.00000000e+00]
   [ 0.00000000e+00  0.00000000e+00  0.00000000e+00  0.00000000e+00]
   [ 0.00000000e+00  0.00000000e+00  0.00000000e+00  0.00000000e+00]]

  [[ 9.91097292e-01 -1.00998990e+02 -3.09599370e+00 -1.00989900e+02]
   [-1.00000000e+01 -1.00989900e+02  4.03649061e+00 -1.00899000e+02]
   [-2.55528032e+00 -9.09000000e+01 -3.06955495e+00 -9.09000000e+01]]

  [[ 0.00000000e+00  0.00000000e+00  0.00000000e+00  0.00000000e+00]
   [ 0.00000000e+00  0.00000000e+00  0.00000000e+00  0.00000000e+00]
   [ 0.00000000e+00  0.00000000e+00  0.00000000e+00  0.00000000e+00]]

  [[ 0.00000000e+00  0.00000000e+00  0.00000000e+00  0.00000000e+00]
   [ 0.00000000e+00  0.00000000e+00  0.00000000e+00  0.00000000e+00]
   [ 0.00000000e+00  0.00000000e+00  0.00000000e+00  0.00000000e+00]]

  [[ 4.54081569e+00 -1.00999999e+02  8.96972050e+00 -1.00899000e+02]
   [-4.75783305e+00 -1.00999999e+02 -1.00000000e+01 -1.00999990e+02]
   [-9.00000000e-01  0.00000000e+00  0.00000000e+00  0.00000000e+00]]

  [[ 0.00000000e+00  0.00000000e+00  0.00000000e+00  0.00000000e+00]
   [ 0.00000000e+00  0.00000000e+00  0.00000000e+00  0.00000000e+00]
   [ 0.00000000e+00  0.00000000e+00  0.00000000e+00  0.00000000e+00]]]


 [[[-4.97816348e+00 -2.79060102e+00 -1.00998990e+02 -4.71026877e+00]
   [-1.00000000e+01 -1.00000000e+01 -9.99900000e+01 -1.00000000e+01]
   [ 7.82900000e+01 -1.70190000e+00 -9.09000000e+01 -9.00000000e-01]]

  [[-4.87128155e+00 -1.52234268e+00 -1.00998990e+02 -4.19074244e+00]
   [-1.00000000e+01 -1.00000000e+01 -1.00989900e+02 -1.00000000e+01]
   [-1.80189000e+00 -3.06968487e+00 -9.09000000e+01  6.94610000e+01]]

  [[-1.00998990e+02 -8.21354133e-01 -1.00998990e+02 -4.10803549e+00]
   [-1.00989900e+02 -1.00000000e+01 -1.00899000e+02 -1.00000000e+01]
   [-9.09000000e+01 -2.60891370e+00 -9.09000000e+01  6.15149000e+01]]

  [[-2.30361758e-01 -1.00899000e+02 -3.28528203e+00 -2.48261992e+00]
   [-1.00000000e+01 -9.09000000e+01  6.01752975e+00 -1.00000000e+01]
   [-3.23485059e+00 -9.09000000e+01 -4.22854230e+00  5.43634100e+01]]

  [[ 0.00000000e+00  0.00000000e+00  0.00000000e+00  0.00000000e+00]
   [ 0.00000000e+00  0.00000000e+00  0.00000000e+00  0.00000000e+00]
   [ 0.00000000e+00  0.00000000e+00  0.00000000e+00  0.00000000e+00]]

  [[ 0.00000000e+00  0.00000000e+00  0.00000000e+00  0.00000000e+00]
   [ 0.00000000e+00  0.00000000e+00  0.00000000e+00  0.00000000e+00]
   [ 0.00000000e+00  0.00000000e+00  0.00000000e+00  0.00000000e+00]]

  [[ 8.11779681e+00 -9.09000000e+01 -9.09000000e+01 -9.09000000e+01]
   [-4.72065029e+00 -1.00999899e+02 -1.00989900e+02 -1.00899000e+02]
   [-9.00000000e-01  0.00000000e+00  0.00000000e+00  0.00000000e+00]]

  [[ 0.00000000e+00  0.00000000e+00  0.00000000e+00  0.00000000e+00]
   [ 0.00000000e+00  0.00000000e+00  0.00000000e+00  0.00000000e+00]
   [ 0.00000000e+00  0.00000000e+00  0.00000000e+00  0.00000000e+00]]]


 [[[ 0.00000000e+00  0.00000000e+00  0.00000000e+00  0.00000000e+00]
   [ 0.00000000e+00  0.00000000e+00  0.00000000e+00  0.00000000e+00]
   [ 0.00000000e+00  0.00000000e+00  0.00000000e+00  0.00000000e+00]]

  [[ 0.00000000e+00  0.00000000e+00  0.00000000e+00  0.00000000e+00]
   [ 0.00000000e+00  0.00000000e+00  0.00000000e+00  0.00000000e+00]
   [ 0.00000000e+00  0.00000000e+00  0.00000000e+00  0.00000000e+00]]

  [[ 0.00000000e+00  0.00000000e+00  0.00000000e+00  0.00000000e+00]
   [ 0.00000000e+00  0.00000000e+00  0.00000000e+00  0.00000000e+00]
   [ 0.00000000e+00  0.00000000e+00  0.00000000e+00  0.00000000e+00]]

  [[-6.52654390e-01 -2.82554650e+00 -3.46875583e+00 -1.00989900e+02]
   [-1.00000000e+01  7.89247365e+00 -1.00000000e+01 -9.99900000e+01]
   [ 4.79270690e+01 -4.71112472e+00 -3.91668036e+00 -9.09000000e+01]]

  [[-1.00899000e+02 -1.72327031e+00 -1.00899000e+02 -3.39022553e+00]
   [-1.00989900e+02  9.89635688e+00 -9.99900000e+01 -1.00000000e+01]
   [-9.09000000e+01 -5.11789218e+00 -9.09000000e+01  4.21343621e+01]]

  [[-9.99900000e+01 -1.00899000e+02 -8.96313533e-01 -1.81637943e+00]
   [-1.00989900e+02 -9.99900000e+01  1.21090301e+01 -1.00000000e+01]
   [-9.09000000e+01 -9.09000000e+01 -5.20857254e+00  3.69209259e+01]]

  [[ 0.00000000e+00  0.00000000e+00  0.00000000e+00  0.00000000e+00]
   [ 0.00000000e+00  0.00000000e+00  0.00000000e+00  0.00000000e+00]
   [ 0.00000000e+00  0.00000000e+00  0.00000000e+00  0.00000000e+00]]

  [[ 0.00000000e+00  5.45231146e+00  4.07176116e+00 -9.99900000e+01]
   [-1.01000000e+02 -1.00000000e+01 -9.47039106e+00 -1.01000000e+02]
   [-9.09000000e+01 -7.32958049e+00  1.49357038e+01 -9.09000000e+01]]]


 [[[ 0.00000000e+00  0.00000000e+00  0.00000000e+00  0.00000000e+00]
   [ 0.00000000e+00  0.00000000e+00  0.00000000e+00  0.00000000e+00]
   [ 0.00000000e+00  0.00000000e+00  0.00000000e+00  0.00000000e+00]]

  [[ 0.00000000e+00  0.00000000e+00  0.00000000e+00  0.00000000e+00]
   [ 0.00000000e+00  0.00000000e+00  0.00000000e+00  0.00000000e+00]
   [ 0.00000000e+00  0.00000000e+00  0.00000000e+00  0.00000000e+00]]

  [[-1.00989900e+02 -2.62471419e+00 -5.08674582e+00 -1.00999999e+02]
   [-1.00989900e+02 -1.00000000e+01 -1.00000000e+01 -1.00899000e+02]
   [-9.09000000e+01 -3.81775984e+00 -4.31661664e+00 -9.09000000e+01]]

  [[-2.23372939e+00 -1.00999990e+02 -9.09000000e+01 -4.34853086e+00]
   [-1.00000000e+01 -9.09000000e+01 -1.00989900e+02 -1.00000000e+01]
   [-4.00167068e+00 -9.09000000e+01 -9.09000000e+01 -3.77549612e+00]]

  [[ 0.00000000e+00  0.00000000e+00  0.00000000e+00  0.00000000e+00]
   [ 0.00000000e+00  0.00000000e+00  0.00000000e+00  0.00000000e+00]
   [ 0.00000000e+00  0.00000000e+00  0.00000000e+00  0.00000000e+00]]

  [[-1.00487031e+00 -9.99900000e+01  1.28357327e-01 -9.99900000e+01]
   [-1.00000000e+01 -1.00998990e+02 -1.34236377e+00 -9.99900000e+01]
   [ 3.22288333e+01 -9.09000000e+01 -6.02143254e+00 -9.09000000e+01]]

  [[ 0.00000000e+00  0.00000000e+00  0.00000000e+00  0.00000000e+00]
   [ 0.00000000e+00  0.00000000e+00  0.00000000e+00  0.00000000e+00]
   [ 0.00000000e+00  0.00000000e+00  0.00000000e+00  0.00000000e+00]]

  [[ 5.43315482e+00  3.77689517e+00  4.89725752e+00 -1.00999899e+02]
   [ 2.74384378e+01 -1.00000000e+01 -1.00000000e+01 -1.01000000e+02]
   [-7.48911704e+00 -7.06547306e+00  1.77063375e+01 -9.09000000e+01]]]


 [[[-1.00998990e+02 -5.76348434e+00 -6.00982823e+00 -5.99797508e+00]
   [-9.09000000e+01 -1.00000000e+01 -1.00000000e+01 -1.00000000e+01]
   [-9.09000000e+01 -4.32129582e+00 -3.75967855e+00 -3.75967855e+00]]

  [[-1.00998990e+02 -3.41254287e+00 -5.42537028e+00 -5.67823068e+00]
   [-1.00989900e+02 -1.00000000e+01 -1.00000000e+01 -1.00000000e+01]
   [-9.09000000e+01 -3.82930272e+00 -4.32130748e+00 -3.82122954e+00]]

  [[-2.92215433e+00 -1.00999899e+02 -4.84758051e+00 -4.97385591e+00]
   [-1.00000000e+01 -1.00998990e+02 -1.00000000e+01 -1.00000000e+01]
   [-4.26086507e+00 -9.09000000e+01 -3.75967855e+00 -4.31937679e+00]]

  [[ 0.00000000e+00  0.00000000e+00  0.00000000e+00  0.00000000e+00]
   [ 0.00000000e+00  0.00000000e+00  0.00000000e+00  0.00000000e+00]
   [ 0.00000000e+00  0.00000000e+00  0.00000000e+00  0.00000000e+00]]

  [[ 0.00000000e+00  0.00000000e+00  0.00000000e+00  0.00000000e+00]
   [ 0.00000000e+00  0.00000000e+00  0.00000000e+00  0.00000000e+00]
   [ 0.00000000e+00  0.00000000e+00  0.00000000e+00  0.00000000e+00]]

  [[-6.90559785e-01  1.25673029e+00 -3.49640754e-02 -1.00999990e+02]
   [-1.00000000e+01  9.43944521e+00 -1.00000000e+01 -1.00998990e+02]
   [ 2.80059500e+01 -6.02282078e+00 -6.10583882e+00 -9.09000000e+01]]

  [[-1.00989900e+02  2.52751730e+00  1.35436551e+00 -1.17970620e-01]
   [-1.01000000e+02  1.88733374e+01 -1.00000000e+01 -1.00000000e+01]
   [-9.09000000e+01 -6.67068392e+00 -6.45631333e+00  2.42053550e+01]]

  [[ 3.58421687e+00  2.31370236e+00  3.10131943e+00  1.13826937e+00]
   [ 2.35781842e+01 -1.00000000e+01 -1.00000000e+01 -1.00000000e+01]
   [-6.81533288e+00 -6.77524513e+00 -6.77524513e+00  2.07848195e+01]]]]